algo,store,M,K,N,sp,bw
rosko bw,0,256,256,10000,80,0.091979
mkl bw,0,256,256,10000,80,1.156642
rosko time,0,256,256,10000,80,0.003689
mkl time,0,256,256,10000,80,0.000318
rosko bw,1,256,256,10000,80,0.028720
mkl bw,1,256,256,10000,80,1.249687
rosko time,1,256,256,10000,80,0.011815
mkl time,1,256,256,10000,80,0.000295
rosko bw,0,768,768,10000,80,0.203044
mkl bw,0,768,768,10000,80,1.328196
rosko time,0,768,768,10000,80,0.015016
mkl time,0,768,768,10000,80,0.002489
rosko bw,1,768,768,10000,80,0.172354
mkl bw,1,768,768,10000,80,1.272400
rosko time,1,768,768,10000,80,0.017690
mkl time,1,768,768,10000,80,0.002598
rosko bw,0,1280,1280,10000,80,0.533954
mkl bw,0,1280,1280,10000,80,1.400417
rosko time,0,1280,1280,10000,80,0.015856
mkl time,0,1280,1280,10000,80,0.006554
rosko bw,1,1280,1280,10000,80,0.377494
mkl bw,1,1280,1280,10000,80,1.321930
rosko time,1,1280,1280,10000,80,0.022427
mkl time,1,1280,1280,10000,80,0.006943
rosko bw,0,1792,1792,10000,80,0.569939
mkl bw,0,1792,1792,10000,80,1.376035
rosko time,0,1792,1792,10000,80,0.029106
mkl time,0,1792,1792,10000,80,0.013067
rosko bw,1,1792,1792,10000,80,0.612339
mkl bw,1,1792,1792,10000,80,1.293562
rosko time,1,1792,1792,10000,80,0.027091
mkl time,1,1792,1792,10000,80,0.013900
rosko bw,0,2304,2304,10000,80,0.787582
mkl bw,0,2304,2304,10000,80,1.211000
rosko time,0,2304,2304,10000,80,0.034815
mkl time,0,2304,2304,10000,80,0.024542
rosko bw,1,2304,2304,10000,80,0.772192
mkl bw,1,2304,2304,10000,80,1.290807
rosko time,1,2304,2304,10000,80,0.035509
mkl time,1,2304,2304,10000,80,0.023024
rosko bw,0,2816,2816,10000,80,0.926135
mkl bw,0,2816,2816,10000,80,1.195555
rosko time,0,2816,2816,10000,80,0.044239
mkl time,0,2816,2816,10000,80,0.037149
rosko bw,1,2816,2816,10000,80,0.745903
mkl bw,1,2816,2816,10000,80,1.151148
rosko time,1,2816,2816,10000,80,0.054929
mkl time,1,2816,2816,10000,80,0.038582
rosko bw,0,3328,3328,10000,80,0.969786
mkl bw,0,3328,3328,10000,80,1.126544
rosko time,0,3328,3328,10000,80,0.059011
mkl time,0,3328,3328,10000,80,0.055069
rosko bw,1,3328,3328,10000,80,0.880069
mkl bw,1,3328,3328,10000,80,1.096408
rosko time,1,3328,3328,10000,80,0.065026
mkl time,1,3328,3328,10000,80,0.056583
rosko bw,0,3840,3840,10000,80,0.641151
mkl bw,0,3840,3840,10000,80,1.007681
rosko time,0,3840,3840,10000,80,0.118835
mkl time,0,3840,3840,10000,80,0.081967
rosko bw,1,3840,3840,10000,80,1.060438
mkl bw,1,3840,3840,10000,80,0.807410
rosko time,1,3840,3840,10000,80,0.071849
mkl time,1,3840,3840,10000,80,0.102298
rosko bw,0,4352,4352,10000,80,1.019612
mkl bw,0,4352,4352,10000,80,1.051322
rosko time,0,4352,4352,10000,80,0.095980
mkl time,0,4352,4352,10000,80,0.100897
rosko bw,1,4352,4352,10000,80,0.818438
mkl bw,1,4352,4352,10000,80,0.875784
rosko time,1,4352,4352,10000,80,0.119581
mkl time,1,4352,4352,10000,80,0.121135
rosko bw,0,4864,4864,10000,80,0.792403
mkl bw,0,4864,4864,10000,80,0.894352
rosko time,0,4864,4864,10000,80,0.154280
mkl time,0,4864,4864,10000,80,0.148162
rosko bw,1,4864,4864,10000,80,0.903069
mkl bw,1,4864,4864,10000,80,0.799497
rosko time,1,4864,4864,10000,80,0.135392
mkl time,1,4864,4864,10000,80,0.165773
rosko bw,0,5376,5376,10000,80,0.863423
mkl bw,0,5376,5376,10000,80,0.894040
rosko time,0,5376,5376,10000,80,0.172981
mkl time,0,5376,5376,10000,80,0.181077
rosko bw,1,5376,5376,10000,80,0.783611
mkl bw,1,5376,5376,10000,80,0.871673
rosko time,1,5376,5376,10000,80,0.190591
mkl time,1,5376,5376,10000,80,0.185711
rosko bw,0,5888,5888,10000,80,0.732753
mkl bw,0,5888,5888,10000,80,0.865837
rosko time,0,5888,5888,10000,80,0.244445
mkl time,0,5888,5888,10000,80,0.224208
rosko bw,1,5888,5888,10000,80,0.938593
mkl bw,1,5888,5888,10000,80,0.892215
rosko time,1,5888,5888,10000,80,0.190878
mkl time,1,5888,5888,10000,80,0.217649
rosko bw,0,6400,6400,10000,80,1.026957
mkl bw,0,6400,6400,10000,80,0.891714
rosko time,0,6400,6400,10000,80,0.206111
mkl time,0,6400,6400,10000,80,0.257287
rosko bw,1,6400,6400,10000,80,0.803324
mkl bw,1,6400,6400,10000,80,0.880628
rosko time,1,6400,6400,10000,80,0.263474
mkl time,1,6400,6400,10000,80,0.260504
rosko bw,0,6912,6912,10000,80,1.017299
mkl bw,0,6912,6912,10000,80,0.843686
rosko time,0,6912,6912,10000,80,0.242653
mkl time,0,6912,6912,10000,80,0.317115
rosko bw,1,6912,6912,10000,80,1.034187
mkl bw,1,6912,6912,10000,80,0.916197
rosko time,1,6912,6912,10000,80,0.238710
mkl time,1,6912,6912,10000,80,0.292054
rosko bw,0,7424,7424,10000,80,0.883643
mkl bw,0,7424,7424,10000,80,0.898156
rosko time,0,7424,7424,10000,80,0.322293
mkl time,0,7424,7424,10000,80,0.343680
rosko bw,1,7424,7424,10000,80,0.975942
mkl bw,1,7424,7424,10000,80,0.883428
rosko time,1,7424,7424,10000,80,0.291825
mkl time,1,7424,7424,10000,80,0.349433
rosko bw,0,7936,7936,10000,80,0.807022
mkl bw,0,7936,7936,10000,80,0.885049
rosko time,0,7936,7936,10000,80,0.403234
mkl time,0,7936,7936,10000,80,0.398520
rosko bw,1,7936,7936,10000,80,0.834586
mkl bw,1,7936,7936,10000,80,0.872595
rosko time,1,7936,7936,10000,80,0.389920
mkl time,1,7936,7936,10000,80,0.404215
rosko bw,0,8448,8448,10000,80,0.652332
mkl bw,0,8448,8448,10000,80,0.727820
rosko time,0,8448,8448,10000,80,0.565322
mkl time,0,8448,8448,10000,80,0.549201
rosko bw,1,8448,8448,10000,80,0.870240
mkl bw,1,8448,8448,10000,80,0.819543
rosko time,1,8448,8448,10000,80,0.423737
mkl time,1,8448,8448,10000,80,0.487686
rosko bw,0,8960,8960,10000,80,1.040961
mkl bw,0,8960,8960,10000,80,0.865483
rosko time,0,8960,8960,10000,80,0.398470
mkl time,0,8960,8960,10000,80,0.519451
rosko bw,1,8960,8960,10000,80,0.907972
mkl bw,1,8960,8960,10000,80,0.883214
rosko time,1,8960,8960,10000,80,0.456865
mkl time,1,8960,8960,10000,80,0.509075
rosko bw,0,9472,9472,10000,80,0.941108
mkl bw,0,9472,9472,10000,80,0.836073
rosko time,0,9472,9472,10000,80,0.492572
mkl time,0,9472,9472,10000,80,0.600959
rosko bw,1,9472,9472,10000,80,0.840309
mkl bw,1,9472,9472,10000,80,0.829316
rosko time,1,9472,9472,10000,80,0.551683
mkl time,1,9472,9472,10000,80,0.605897
rosko bw,0,9984,9984,10000,80,0.829643
mkl bw,0,9984,9984,10000,80,0.817687
rosko time,0,9984,9984,10000,80,0.620797
mkl time,0,9984,9984,10000,80,0.682720
rosko bw,1,9984,9984,10000,80,0.864498
mkl bw,1,9984,9984,10000,80,0.855933
rosko time,1,9984,9984,10000,80,0.595772
mkl time,1,9984,9984,10000,80,0.652219
rosko bw,0,256,256,10000,87,0.008159
mkl bw,0,256,256,10000,87,0.031381
rosko time,0,256,256,10000,87,0.038790
mkl time,0,256,256,10000,87,0.010576
rosko bw,1,256,256,10000,87,0.293008
mkl bw,1,256,256,10000,87,1.356689
rosko time,1,256,256,10000,87,0.001080
mkl time,1,256,256,10000,87,0.000245
rosko bw,0,768,768,10000,87,0.387986
mkl bw,0,768,768,10000,87,1.396310
rosko time,0,768,768,10000,87,0.007325
mkl time,0,768,768,10000,87,0.002132
rosko bw,1,768,768,10000,87,0.153565
mkl bw,1,768,768,10000,87,1.123392
rosko time,1,768,768,10000,87,0.018506
mkl time,1,768,768,10000,87,0.002650
rosko bw,0,1280,1280,10000,87,0.407150
mkl bw,0,1280,1280,10000,87,1.490805
rosko time,0,1280,1280,10000,87,0.019387
mkl time,0,1280,1280,10000,87,0.005546
rosko bw,1,1280,1280,10000,87,0.634133
mkl bw,1,1280,1280,10000,87,1.411834
rosko time,1,1280,1280,10000,87,0.012447
mkl time,1,1280,1280,10000,87,0.005856
rosko bw,0,1792,1792,10000,87,0.551477
mkl bw,0,1792,1792,10000,87,1.335077
rosko time,0,1792,1792,10000,87,0.028045
mkl time,0,1792,1792,10000,87,0.012132
rosko bw,1,1792,1792,10000,87,0.537128
mkl bw,1,1792,1792,10000,87,1.233120
rosko time,1,1792,1792,10000,87,0.028794
mkl time,1,1792,1792,10000,87,0.013136
rosko bw,0,2304,2304,10000,87,0.638699
mkl bw,0,2304,2304,10000,87,1.156192
rosko time,0,2304,2304,10000,87,0.040030
mkl time,0,2304,2304,10000,87,0.023158
rosko bw,1,2304,2304,10000,87,0.892842
mkl bw,1,2304,2304,10000,87,1.055681
rosko time,1,2304,2304,10000,87,0.028626
mkl time,1,2304,2304,10000,87,0.025352
rosko bw,0,2816,2816,10000,87,0.735983
mkl bw,0,2816,2816,10000,87,0.872370
rosko time,0,2816,2816,10000,87,0.051876
mkl time,0,2816,2816,10000,87,0.045826
rosko bw,1,2816,2816,10000,87,1.058823
mkl bw,1,2816,2816,10000,87,0.750979
rosko time,1,2816,2816,10000,87,0.036059
mkl time,1,2816,2816,10000,87,0.053234
rosko bw,0,3328,3328,10000,87,0.882009
mkl bw,0,3328,3328,10000,87,0.931542
rosko time,0,3328,3328,10000,87,0.060458
mkl time,0,3328,3328,10000,87,0.059939
rosko bw,1,3328,3328,10000,87,0.493616
mkl bw,1,3328,3328,10000,87,0.872865
rosko time,1,3328,3328,10000,87,0.108014
mkl time,1,3328,3328,10000,87,0.063956
rosko bw,0,3840,3840,10000,87,0.883766
mkl bw,0,3840,3840,10000,87,0.770335
rosko time,0,3840,3840,10000,87,0.080320
mkl time,0,3840,3840,10000,87,0.096478
rosko bw,1,3840,3840,10000,87,1.086286
mkl bw,1,3840,3840,10000,87,0.742675
rosko time,1,3840,3840,10000,87,0.065352
mkl time,1,3840,3840,10000,87,0.100085
rosko bw,0,4352,4352,10000,87,0.952846
mkl bw,0,4352,4352,10000,87,0.727461
rosko time,0,4352,4352,10000,87,0.095699
mkl time,0,4352,4352,10000,87,0.131240
rosko bw,1,4352,4352,10000,87,0.870067
mkl bw,1,4352,4352,10000,87,0.786628
rosko time,1,4352,4352,10000,87,0.104801
mkl time,1,4352,4352,10000,87,0.121361
rosko bw,0,4864,4864,10000,87,0.938438
mkl bw,0,4864,4864,10000,87,0.770928
rosko time,0,4864,4864,10000,87,0.121368
mkl time,0,4864,4864,10000,87,0.154668
rosko bw,1,4864,4864,10000,87,0.861395
mkl bw,1,4864,4864,10000,87,0.733425
rosko time,1,4864,4864,10000,87,0.132245
mkl time,1,4864,4864,10000,87,0.162617
rosko bw,0,5376,5376,10000,87,0.820008
mkl bw,0,5376,5376,10000,87,0.903110
rosko time,0,5376,5376,10000,87,0.169693
mkl time,0,5376,5376,10000,87,0.161308
rosko bw,1,5376,5376,10000,87,0.839003
mkl bw,1,5376,5376,10000,87,0.948436
rosko time,1,5376,5376,10000,87,0.165853
mkl time,1,5376,5376,10000,87,0.153602
rosko bw,0,5888,5888,10000,87,0.789585
mkl bw,0,5888,5888,10000,87,0.826962
rosko time,0,5888,5888,10000,87,0.211422
mkl time,0,5888,5888,10000,87,0.211348
rosko bw,1,5888,5888,10000,87,0.877974
mkl bw,1,5888,5888,10000,87,0.844259
rosko time,1,5888,5888,10000,87,0.190126
mkl time,1,5888,5888,10000,87,0.206998
rosko bw,0,6400,6400,10000,87,0.826535
mkl bw,0,6400,6400,10000,87,0.866833
rosko time,0,6400,6400,10000,87,0.238607
mkl time,0,6400,6400,10000,87,0.238192
rosko bw,1,6400,6400,10000,87,0.989488
mkl bw,1,6400,6400,10000,87,0.860870
rosko time,1,6400,6400,10000,87,0.199293
mkl time,1,6400,6400,10000,87,0.239808
rosko bw,0,6912,6912,10000,87,0.915200
mkl bw,0,6912,6912,10000,87,0.871068
rosko time,0,6912,6912,10000,87,0.251321
mkl time,0,6912,6912,10000,87,0.276430
rosko bw,1,6912,6912,10000,87,0.805275
mkl bw,1,6912,6912,10000,87,0.866412
rosko time,1,6912,6912,10000,87,0.285637
mkl time,1,6912,6912,10000,87,0.277929
rosko bw,0,7424,7424,10000,87,0.901567
mkl bw,0,7424,7424,10000,87,0.892956
rosko time,0,7424,7424,10000,87,0.294320
mkl time,0,7424,7424,10000,87,0.311089
rosko bw,1,7424,7424,10000,87,0.890316
mkl bw,1,7424,7424,10000,87,0.879335
rosko time,1,7424,7424,10000,87,0.298058
mkl time,1,7424,7424,10000,87,0.315937
rosko bw,0,7936,7936,10000,87,0.981819
mkl bw,0,7936,7936,10000,87,0.880803
rosko time,0,7936,7936,10000,87,0.308872
mkl time,0,7936,7936,10000,87,0.360462
rosko bw,1,7936,7936,10000,87,0.937923
mkl bw,1,7936,7936,10000,87,0.878690
rosko time,1,7936,7936,10000,87,0.323299
mkl time,1,7936,7936,10000,87,0.361287
rosko bw,0,8448,8448,10000,87,1.018593
mkl bw,0,8448,8448,10000,87,0.894178
rosko time,0,8448,8448,10000,87,0.337341
mkl time,0,8448,8448,10000,87,0.402305
rosko bw,1,8448,8448,10000,87,1.018055
mkl bw,1,8448,8448,10000,87,0.878477
rosko time,1,8448,8448,10000,87,0.337514
mkl time,1,8448,8448,10000,87,0.409485
rosko bw,0,8960,8960,10000,87,1.092901
mkl bw,0,8960,8960,10000,87,0.875871
rosko time,0,8960,8960,10000,87,0.353645
mkl time,0,8960,8960,10000,87,0.461967
rosko bw,1,8960,8960,10000,87,0.991265
mkl bw,1,8960,8960,10000,87,0.879182
rosko time,1,8960,8960,10000,87,0.389942
mkl time,1,8960,8960,10000,87,0.460290
rosko bw,0,9472,9472,10000,87,0.781809
mkl bw,0,9472,9472,10000,87,0.864618
rosko time,0,9472,9472,10000,87,0.552513
mkl time,0,9472,9472,10000,87,0.523039
rosko bw,1,9472,9472,10000,87,0.856425
mkl bw,1,9472,9472,10000,87,0.825184
rosko time,1,9472,9472,10000,87,0.504347
mkl time,1,9472,9472,10000,87,0.547985
rosko bw,0,9984,9984,10000,87,0.839960
mkl bw,0,9984,9984,10000,87,0.857990
rosko time,0,9984,9984,10000,87,0.571369
mkl time,0,9984,9984,10000,87,0.585617
rosko bw,1,9984,9984,10000,87,0.867591
mkl bw,1,9984,9984,10000,87,0.858833
rosko time,1,9984,9984,10000,87,0.553143
mkl time,1,9984,9984,10000,87,0.585001
rosko bw,0,256,256,10000,95,0.011906
mkl bw,0,256,256,10000,95,0.051586
rosko time,0,256,256,10000,95,0.024159
mkl time,0,256,256,10000,95,0.005616
rosko bw,1,256,256,10000,95,0.010916
mkl bw,1,256,256,10000,95,1.719730
rosko time,1,256,256,10000,95,0.026349
mkl time,1,256,256,10000,95,0.000168
rosko bw,0,768,768,10000,95,0.065584
mkl bw,0,768,768,10000,95,1.596850
rosko time,0,768,768,10000,95,0.039391
mkl time,0,768,768,10000,95,0.001626
rosko bw,1,768,768,10000,95,0.109530
mkl bw,1,768,768,10000,95,1.631210
rosko time,1,768,768,10000,95,0.023586
mkl time,1,768,768,10000,95,0.001592
rosko bw,0,1280,1280,10000,95,0.039747
mkl bw,0,1280,1280,10000,95,1.345184
rosko time,0,1280,1280,10000,95,0.180562
mkl time,0,1280,1280,10000,95,0.005361
rosko bw,1,1280,1280,10000,95,0.049324
mkl bw,1,1280,1280,10000,95,1.593685
rosko time,1,1280,1280,10000,95,0.145504
mkl time,1,1280,1280,10000,95,0.004525
rosko bw,0,1792,1792,10000,95,0.768188
mkl bw,0,1792,1792,10000,95,1.372634
rosko time,0,1792,1792,10000,95,0.018313
mkl time,0,1792,1792,10000,95,0.010296
rosko bw,1,1792,1792,10000,95,0.883612
mkl bw,1,1792,1792,10000,95,1.623458
rosko time,1,1792,1792,10000,95,0.015921
mkl time,1,1792,1792,10000,95,0.008706
rosko bw,0,2304,2304,10000,95,0.755847
mkl bw,0,2304,2304,10000,95,1.132335
rosko time,0,2304,2304,10000,95,0.030766
mkl time,0,2304,2304,10000,95,0.020631
rosko bw,1,2304,2304,10000,95,0.736287
mkl bw,1,2304,2304,10000,95,1.060681
rosko time,1,2304,2304,10000,95,0.031586
mkl time,1,2304,2304,10000,95,0.022027
rosko bw,0,2816,2816,10000,95,0.856442
mkl bw,0,2816,2816,10000,95,0.933279
rosko time,0,2816,2816,10000,95,0.040561
mkl time,0,2816,2816,10000,95,0.037390
rosko bw,1,2816,2816,10000,95,0.970911
mkl bw,1,2816,2816,10000,95,0.856393
rosko time,1,2816,2816,10000,95,0.035779
mkl time,1,2816,2816,10000,95,0.040746
rosko bw,0,3328,3328,10000,95,0.886449
mkl bw,0,3328,3328,10000,95,0.795170
rosko time,0,3328,3328,10000,95,0.054735
mkl time,0,3328,3328,10000,95,0.061293
rosko bw,1,3328,3328,10000,95,0.912775
mkl bw,1,3328,3328,10000,95,0.815918
rosko time,1,3328,3328,10000,95,0.053155
mkl time,1,3328,3328,10000,95,0.059735
rosko bw,0,3840,3840,10000,95,0.722302
mkl bw,0,3840,3840,10000,95,0.706894
rosko time,0,3840,3840,10000,95,0.089424
mkl time,0,3840,3840,10000,95,0.091783
rosko bw,1,3840,3840,10000,95,0.792416
mkl bw,1,3840,3840,10000,95,0.708283
rosko time,1,3840,3840,10000,95,0.081512
mkl time,1,3840,3840,10000,95,0.091603
rosko bw,0,4352,4352,10000,95,0.740676
mkl bw,0,4352,4352,10000,95,0.714980
rosko time,0,4352,4352,10000,95,0.112023
mkl time,0,4352,4352,10000,95,0.116570
rosko bw,1,4352,4352,10000,95,0.794472
mkl bw,1,4352,4352,10000,95,0.713162
rosko time,1,4352,4352,10000,95,0.104438
mkl time,1,4352,4352,10000,95,0.116867
rosko bw,0,4864,4864,10000,95,1.064614
mkl bw,0,4864,4864,10000,95,0.736350
rosko time,0,4864,4864,10000,95,0.097352
mkl time,0,4864,4864,10000,95,0.141376
rosko bw,1,4864,4864,10000,95,1.085225
mkl bw,1,4864,4864,10000,95,0.724624
rosko time,1,4864,4864,10000,95,0.095512
mkl time,1,4864,4864,10000,95,0.143683
rosko bw,0,5376,5376,10000,95,0.909990
mkl bw,0,5376,5376,10000,95,0.808352
rosko time,0,5376,5376,10000,95,0.139149
mkl time,0,5376,5376,10000,95,0.157342
rosko bw,1,5376,5376,10000,95,1.205306
mkl bw,1,5376,5376,10000,95,0.869229
rosko time,1,5376,5376,10000,95,0.105042
mkl time,1,5376,5376,10000,95,0.146297
rosko bw,0,5888,5888,10000,95,1.086531
mkl bw,0,5888,5888,10000,95,0.737145
rosko time,0,5888,5888,10000,95,0.139793
mkl time,0,5888,5888,10000,95,0.206965
rosko bw,1,5888,5888,10000,95,1.117248
mkl bw,1,5888,5888,10000,95,0.743723
rosko time,1,5888,5888,10000,95,0.135943
mkl time,1,5888,5888,10000,95,0.205123
rosko bw,0,6400,6400,10000,95,1.084162
mkl bw,0,6400,6400,10000,95,0.769319
rosko time,0,6400,6400,10000,95,0.165523
mkl time,0,6400,6400,10000,95,0.234292
rosko bw,1,6400,6400,10000,95,1.211477
mkl bw,1,6400,6400,10000,95,0.751459
rosko time,1,6400,6400,10000,95,0.148136
mkl time,1,6400,6400,10000,95,0.239879
rosko bw,0,6912,6912,10000,95,1.070702
mkl bw,0,6912,6912,10000,95,0.760540
rosko time,0,6912,6912,10000,95,0.195518
mkl time,0,6912,6912,10000,95,0.276478
rosko bw,1,6912,6912,10000,95,0.928360
mkl bw,1,6912,6912,10000,95,0.762540
rosko time,1,6912,6912,10000,95,0.225467
mkl time,1,6912,6912,10000,95,0.275709
rosko bw,0,7424,7424,10000,95,1.133803
mkl bw,0,7424,7424,10000,95,0.769747
rosko time,0,7424,7424,10000,95,0.212979
mkl time,0,7424,7424,10000,95,0.315096
rosko bw,1,7424,7424,10000,95,1.044028
mkl bw,1,7424,7424,10000,95,0.773872
rosko time,1,7424,7424,10000,95,0.231281
mkl time,1,7424,7424,10000,95,0.313395
rosko bw,0,7936,7936,10000,95,1.070777
mkl bw,0,7936,7936,10000,95,0.796631
rosko time,0,7936,7936,10000,95,0.257696
mkl time,0,7936,7936,10000,95,0.347907
rosko bw,1,7936,7936,10000,95,1.124004
mkl bw,1,7936,7936,10000,95,0.806441
rosko time,1,7936,7936,10000,95,0.245500
mkl time,1,7936,7936,10000,95,0.343687
rosko bw,0,8448,8448,10000,95,1.014845
mkl bw,0,8448,8448,10000,95,0.877917
rosko time,0,8448,8448,10000,95,0.308098
mkl time,0,8448,8448,10000,95,0.357714
rosko bw,1,8448,8448,10000,95,1.029160
mkl bw,1,8448,8448,10000,95,0.880057
rosko time,1,8448,8448,10000,95,0.303829
mkl time,1,8448,8448,10000,95,0.356870
rosko bw,0,8960,8960,10000,95,0.992166
mkl bw,0,8960,8960,10000,95,0.797459
rosko time,0,8960,8960,10000,95,0.354527
mkl time,0,8960,8960,10000,95,0.443038
rosko bw,1,8960,8960,10000,95,0.960168
mkl bw,1,8960,8960,10000,95,0.794474
rosko time,1,8960,8960,10000,95,0.366332
mkl time,1,8960,8960,10000,95,0.444680
rosko bw,0,9472,9472,10000,95,0.985517
mkl bw,0,9472,9472,10000,95,0.774711
rosko time,0,9472,9472,10000,95,0.398850
mkl time,0,9472,9472,10000,95,0.509608
rosko bw,1,9472,9472,10000,95,0.866036
mkl bw,1,9472,9472,10000,95,0.790342
rosko time,1,9472,9472,10000,95,0.453887
mkl time,1,9472,9472,10000,95,0.499554
rosko bw,0,9984,9984,10000,95,0.983805
mkl bw,0,9984,9984,10000,95,0.706196
rosko time,0,9984,9984,10000,95,0.443896
mkl time,0,9984,9984,10000,95,0.621113
rosko bw,1,9984,9984,10000,95,1.068205
mkl bw,1,9984,9984,10000,95,0.782279
rosko time,1,9984,9984,10000,95,0.408842
mkl time,1,9984,9984,10000,95,0.560726
algo,store,M,K,N,sp,bw
rosko bw,0,256,256,10000,80,0.047516
mkl bw,0,256,256,10000,80,0.785966
rosko time,0,256,256,10000,80,0.007140
mkl time,0,256,256,10000,80,0.000468
rosko bw,1,256,256,10000,80,0.035304
mkl bw,1,256,256,10000,80,1.235882
rosko time,1,256,256,10000,80,0.009609
mkl time,1,256,256,10000,80,0.000298
rosko bw,0,768,768,10000,80,0.207928
mkl bw,0,768,768,10000,80,1.345955
rosko time,0,768,768,10000,80,0.014658
mkl time,0,768,768,10000,80,0.002455
rosko bw,1,768,768,10000,80,0.110634
mkl bw,1,768,768,10000,80,1.257391
rosko time,1,768,768,10000,80,0.027548
mkl time,1,768,768,10000,80,0.002628
rosko bw,0,1280,1280,10000,80,0.399459
mkl bw,0,1280,1280,10000,80,1.221203
rosko time,0,1280,1280,10000,80,0.021188
mkl time,0,1280,1280,10000,80,0.007513
rosko bw,1,1280,1280,10000,80,0.275551
mkl bw,1,1280,1280,10000,80,1.261241
rosko time,1,1280,1280,10000,80,0.030736
mkl time,1,1280,1280,10000,80,0.007281
rosko bw,0,1792,1792,10000,80,0.640332
mkl bw,0,1792,1792,10000,80,1.177578
rosko time,0,1792,1792,10000,80,0.025920
mkl time,0,1792,1792,10000,80,0.015281
rosko bw,1,1792,1792,10000,80,0.980639
mkl bw,1,1792,1792,10000,80,1.246985
rosko time,1,1792,1792,10000,80,0.016925
mkl time,1,1792,1792,10000,80,0.014430
rosko bw,0,2304,2304,10000,80,0.601279
mkl bw,0,2304,2304,10000,80,0.926232
rosko time,0,2304,2304,10000,80,0.045626
mkl time,0,2304,2304,10000,80,0.032112
rosko bw,1,2304,2304,10000,80,0.765765
mkl bw,1,2304,2304,10000,80,0.943663
rosko time,1,2304,2304,10000,80,0.035826
mkl time,1,2304,2304,10000,80,0.031519
rosko bw,0,2816,2816,10000,80,0.871618
mkl bw,0,2816,2816,10000,80,0.758153
rosko time,0,2816,2816,10000,80,0.047018
mkl time,0,2816,2816,10000,80,0.058604
rosko bw,1,2816,2816,10000,80,0.777506
mkl bw,1,2816,2816,10000,80,0.826333
rosko time,1,2816,2816,10000,80,0.052696
mkl time,1,2816,2816,10000,80,0.053749
rosko bw,0,3328,3328,10000,80,0.767004
mkl bw,0,3328,3328,10000,80,0.806280
rosko time,0,3328,3328,10000,80,0.074609
mkl time,0,3328,3328,10000,80,0.076939
rosko bw,1,3328,3328,10000,80,1.026302
mkl bw,1,3328,3328,10000,80,0.750664
rosko time,1,3328,3328,10000,80,0.055759
mkl time,1,3328,3328,10000,80,0.082639
rosko bw,0,3840,3840,10000,80,0.910100
mkl bw,0,3840,3840,10000,80,0.814659
rosko time,0,3840,3840,10000,80,0.083724
mkl time,0,3840,3840,10000,80,0.101399
rosko bw,1,3840,3840,10000,80,0.914866
mkl bw,1,3840,3840,10000,80,0.702222
rosko time,1,3840,3840,10000,80,0.083288
mkl time,1,3840,3840,10000,80,0.117635
rosko bw,0,4352,4352,10000,80,0.946563
mkl bw,0,4352,4352,10000,80,0.791237
rosko time,0,4352,4352,10000,80,0.103411
mkl time,0,4352,4352,10000,80,0.134109
rosko bw,1,4352,4352,10000,80,0.883401
mkl bw,1,4352,4352,10000,80,0.790393
rosko time,1,4352,4352,10000,80,0.110792
mkl time,1,4352,4352,10000,80,0.134230
rosko bw,0,4864,4864,10000,80,1.064698
mkl bw,0,4864,4864,10000,80,0.783244
rosko time,0,4864,4864,10000,80,0.114838
mkl time,0,4864,4864,10000,80,0.169210
rosko bw,1,4864,4864,10000,80,0.794969
mkl bw,1,4864,4864,10000,80,0.733979
rosko time,1,4864,4864,10000,80,0.153813
mkl time,1,4864,4864,10000,80,0.180588
rosko bw,0,5376,5376,10000,80,1.098055
mkl bw,0,5376,5376,10000,80,0.752435
rosko time,0,5376,5376,10000,80,0.135995
mkl time,0,5376,5376,10000,80,0.215102
rosko bw,1,5376,5376,10000,80,1.006464
mkl bw,1,5376,5376,10000,80,0.815750
rosko time,1,5376,5376,10000,80,0.148370
mkl time,1,5376,5376,10000,80,0.198404
rosko bw,0,5888,5888,10000,80,0.848751
mkl bw,0,5888,5888,10000,80,0.822225
rosko time,0,5888,5888,10000,80,0.211069
mkl time,0,5888,5888,10000,80,0.236153
rosko bw,1,5888,5888,10000,80,0.794104
mkl bw,1,5888,5888,10000,80,0.857359
rosko time,1,5888,5888,10000,80,0.225589
mkl time,1,5888,5888,10000,80,0.226467
rosko bw,0,6400,6400,10000,80,1.040507
mkl bw,0,6400,6400,10000,80,0.810266
rosko time,0,6400,6400,10000,80,0.203390
mkl time,0,6400,6400,10000,80,0.283075
rosko bw,1,6400,6400,10000,80,0.852334
mkl bw,1,6400,6400,10000,80,0.799323
rosko time,1,6400,6400,10000,80,0.248326
mkl time,1,6400,6400,10000,80,0.287005
rosko bw,0,6912,6912,10000,80,0.874985
mkl bw,0,6912,6912,10000,80,0.755156
rosko time,0,6912,6912,10000,80,0.282132
mkl time,0,6912,6912,10000,80,0.354315
rosko bw,1,6912,6912,10000,80,0.877277
mkl bw,1,6912,6912,10000,80,0.813228
rosko time,1,6912,6912,10000,80,0.281393
mkl time,1,6912,6912,10000,80,0.329010
rosko bw,0,7424,7424,10000,80,1.021976
mkl bw,0,7424,7424,10000,80,0.841214
rosko time,0,7424,7424,10000,80,0.278687
mkl time,0,7424,7424,10000,80,0.366981
rosko bw,1,7424,7424,10000,80,0.974557
mkl bw,1,7424,7424,10000,80,0.822306
rosko time,1,7424,7424,10000,80,0.292225
mkl time,1,7424,7424,10000,80,0.375378
rosko bw,0,7936,7936,10000,80,0.971936
mkl bw,0,7936,7936,10000,80,0.857227
rosko time,0,7936,7936,10000,80,0.334803
mkl time,0,7936,7936,10000,80,0.411434
rosko bw,1,7936,7936,10000,80,0.870508
mkl bw,1,7936,7936,10000,80,0.798859
rosko time,1,7936,7936,10000,80,0.373814
mkl time,1,7936,7936,10000,80,0.441497
rosko bw,0,8448,8448,10000,80,1.017676
mkl bw,0,8448,8448,10000,80,0.816215
rosko time,0,8448,8448,10000,80,0.362365
mkl time,0,8448,8448,10000,80,0.489708
rosko bw,1,8448,8448,10000,80,0.921796
mkl bw,1,8448,8448,10000,80,0.814502
rosko time,1,8448,8448,10000,80,0.400059
mkl time,1,8448,8448,10000,80,0.490744
rosko bw,0,8960,8960,10000,80,1.012786
mkl bw,0,8960,8960,10000,80,0.876588
rosko time,0,8960,8960,10000,80,0.409590
mkl time,0,8960,8960,10000,80,0.512935
rosko bw,1,8960,8960,10000,80,0.961907
mkl bw,1,8960,8960,10000,80,0.832085
rosko time,1,8960,8960,10000,80,0.431233
mkl time,1,8960,8960,10000,80,0.540329
rosko bw,0,9472,9472,10000,80,0.868402
mkl bw,0,9472,9472,10000,80,0.844448
rosko time,0,9472,9472,10000,80,0.533820
mkl time,0,9472,9472,10000,80,0.595014
rosko bw,1,9472,9472,10000,80,0.901962
mkl bw,1,9472,9472,10000,80,0.801130
rosko time,1,9472,9472,10000,80,0.513979
mkl time,1,9472,9472,10000,80,0.627225
rosko bw,0,9984,9984,10000,80,0.816235
mkl bw,0,9984,9984,10000,80,0.830880
rosko time,0,9984,9984,10000,80,0.631024
mkl time,0,9984,9984,10000,80,0.671926
rosko bw,1,9984,9984,10000,80,0.718699
mkl bw,1,9984,9984,10000,80,0.718714
rosko time,1,9984,9984,10000,80,0.716582
mkl time,1,9984,9984,10000,80,0.776664
rosko bw,0,256,256,10000,87,0.053700
mkl bw,0,256,256,10000,87,0.035723
rosko time,0,256,256,10000,87,0.005888
mkl time,0,256,256,10000,87,0.009279
rosko bw,1,256,256,10000,87,0.011292
mkl bw,1,256,256,10000,87,1.416033
rosko time,1,256,256,10000,87,0.028001
mkl time,1,256,256,10000,87,0.000234
rosko bw,0,768,768,10000,87,0.121151
mkl bw,0,768,768,10000,87,1.393065
rosko time,0,768,768,10000,87,0.023433
mkl time,0,768,768,10000,87,0.002134
rosko bw,1,768,768,10000,87,0.021144
mkl bw,1,768,768,10000,87,0.914926
rosko time,1,768,768,10000,87,0.134264
mkl time,1,768,768,10000,87,0.003249
rosko bw,0,1280,1280,10000,87,0.039848
mkl bw,0,1280,1280,10000,87,1.308924
rosko time,0,1280,1280,10000,87,0.197961
mkl time,0,1280,1280,10000,87,0.006311
rosko bw,1,1280,1280,10000,87,0.043361
mkl bw,1,1280,1280,10000,87,1.240568
rosko time,1,1280,1280,10000,87,0.181922
mkl time,1,1280,1280,10000,87,0.006658
rosko bw,0,1792,1792,10000,87,0.606253
mkl bw,0,1792,1792,10000,87,1.139402
rosko time,0,1792,1792,10000,87,0.025502
mkl time,0,1792,1792,10000,87,0.014208
rosko bw,1,1792,1792,10000,87,0.721417
mkl bw,1,1792,1792,10000,87,1.190570
rosko time,1,1792,1792,10000,87,0.021431
mkl time,1,1792,1792,10000,87,0.013598
rosko bw,0,2304,2304,10000,87,0.576412
mkl bw,0,2304,2304,10000,87,0.884242
rosko time,0,2304,2304,10000,87,0.044344
mkl time,0,2304,2304,10000,87,0.030270
rosko bw,1,2304,2304,10000,87,0.873573
mkl bw,1,2304,2304,10000,87,0.981834
rosko time,1,2304,2304,10000,87,0.029259
mkl time,1,2304,2304,10000,87,0.027261
rosko bw,0,2816,2816,10000,87,0.785677
mkl bw,0,2816,2816,10000,87,0.846798
rosko time,0,2816,2816,10000,87,0.048598
mkl time,0,2816,2816,10000,87,0.047214
rosko bw,1,2816,2816,10000,87,0.911313
mkl bw,1,2816,2816,10000,87,0.729087
rosko time,1,2816,2816,10000,87,0.041898
mkl time,1,2816,2816,10000,87,0.054837
rosko bw,0,3328,3328,10000,87,1.017759
mkl bw,0,3328,3328,10000,87,0.934876
rosko time,0,3328,3328,10000,87,0.052395
mkl time,0,3328,3328,10000,87,0.059728
rosko bw,1,3328,3328,10000,87,0.941399
mkl bw,1,3328,3328,10000,87,0.819674
rosko time,1,3328,3328,10000,87,0.056645
mkl time,1,3328,3328,10000,87,0.068122
rosko bw,0,3840,3840,10000,87,1.167777
mkl bw,0,3840,3840,10000,87,0.754162
rosko time,0,3840,3840,10000,87,0.060796
mkl time,0,3840,3840,10000,87,0.098572
rosko bw,1,3840,3840,10000,87,1.013803
mkl bw,1,3840,3840,10000,87,0.742825
rosko time,1,3840,3840,10000,87,0.070024
mkl time,1,3840,3840,10000,87,0.100065
rosko bw,0,4352,4352,10000,87,1.064444
mkl bw,0,4352,4352,10000,87,0.750725
rosko time,0,4352,4352,10000,87,0.085668
mkl time,0,4352,4352,10000,87,0.127175
rosko bw,1,4352,4352,10000,87,0.801466
mkl bw,1,4352,4352,10000,87,0.655783
rosko time,1,4352,4352,10000,87,0.113766
mkl time,1,4352,4352,10000,87,0.145568
rosko bw,0,4864,4864,10000,87,1.090721
mkl bw,0,4864,4864,10000,87,0.760479
rosko time,0,4864,4864,10000,87,0.104426
mkl time,0,4864,4864,10000,87,0.156799
rosko bw,1,4864,4864,10000,87,0.999414
mkl bw,1,4864,4864,10000,87,0.764956
rosko time,1,4864,4864,10000,87,0.113967
mkl time,1,4864,4864,10000,87,0.155881
rosko bw,0,5376,5376,10000,87,0.859145
mkl bw,0,5376,5376,10000,87,0.825051
rosko time,0,5376,5376,10000,87,0.161974
mkl time,0,5376,5376,10000,87,0.176589
rosko bw,1,5376,5376,10000,87,1.004422
mkl bw,1,5376,5376,10000,87,0.903714
rosko time,1,5376,5376,10000,87,0.138561
mkl time,1,5376,5376,10000,87,0.161242
rosko bw,0,5888,5888,10000,87,0.946703
mkl bw,0,5888,5888,10000,87,0.843374
rosko time,0,5888,5888,10000,87,0.176301
mkl time,0,5888,5888,10000,87,0.207177
rosko bw,1,5888,5888,10000,87,0.911905
mkl bw,1,5888,5888,10000,87,0.797313
rosko time,1,5888,5888,10000,87,0.183042
mkl time,1,5888,5888,10000,87,0.219165
rosko bw,0,6400,6400,10000,87,1.062815
mkl bw,0,6400,6400,10000,87,0.850136
rosko time,0,6400,6400,10000,87,0.185552
mkl time,0,6400,6400,10000,87,0.242851
rosko bw,1,6400,6400,10000,87,0.934211
mkl bw,1,6400,6400,10000,87,0.910583
rosko time,1,6400,6400,10000,87,0.211110
mkl time,1,6400,6400,10000,87,0.226753
rosko bw,0,6912,6912,10000,87,1.064496
mkl bw,0,6912,6912,10000,87,0.839543
rosko time,0,6912,6912,10000,87,0.216061
mkl time,0,6912,6912,10000,87,0.286786
rosko bw,1,6912,6912,10000,87,1.083997
mkl bw,1,6912,6912,10000,87,0.831253
rosko time,1,6912,6912,10000,87,0.212214
mkl time,1,6912,6912,10000,87,0.289728
rosko bw,0,7424,7424,10000,87,1.049003
mkl bw,0,7424,7424,10000,87,0.874822
rosko time,0,7424,7424,10000,87,0.252975
mkl time,0,7424,7424,10000,87,0.317581
rosko bw,1,7424,7424,10000,87,0.994791
mkl bw,1,7424,7424,10000,87,0.870923
rosko time,1,7424,7424,10000,87,0.266749
mkl time,1,7424,7424,10000,87,0.318976
rosko bw,0,7936,7936,10000,87,1.013427
mkl bw,0,7936,7936,10000,87,0.872649
rosko time,0,7936,7936,10000,87,0.299219
mkl time,0,7936,7936,10000,87,0.363795
rosko bw,1,7936,7936,10000,87,1.008633
mkl bw,1,7936,7936,10000,87,0.858504
rosko time,1,7936,7936,10000,87,0.300628
mkl time,1,7936,7936,10000,87,0.369771
rosko bw,0,8448,8448,10000,87,1.019784
mkl bw,0,8448,8448,10000,87,0.902063
rosko time,0,8448,8448,10000,87,0.336933
mkl time,0,8448,8448,10000,87,0.398764
rosko bw,1,8448,8448,10000,87,0.978558
mkl bw,1,8448,8448,10000,87,0.890256
rosko time,1,8448,8448,10000,87,0.351111
mkl time,1,8448,8448,10000,87,0.404020
rosko bw,0,8960,8960,10000,87,0.884432
mkl bw,0,8960,8960,10000,87,0.823009
rosko time,0,8960,8960,10000,87,0.437022
mkl time,0,8960,8960,10000,87,0.491667
rosko bw,1,8960,8960,10000,87,1.065856
mkl bw,1,8960,8960,10000,87,0.722964
rosko time,1,8960,8960,10000,87,0.362645
mkl time,1,8960,8960,10000,87,0.559729
rosko bw,0,9472,9472,10000,87,0.838860
mkl bw,0,9472,9472,10000,87,0.853648
rosko time,0,9472,9472,10000,87,0.514904
mkl time,0,9472,9472,10000,87,0.529706
rosko bw,1,9472,9472,10000,87,0.982267
mkl bw,1,9472,9472,10000,87,0.834028
rosko time,1,9472,9472,10000,87,0.439752
mkl time,1,9472,9472,10000,87,0.542213
rosko bw,0,9984,9984,10000,87,1.002460
mkl bw,0,9984,9984,10000,87,0.732206
rosko time,0,9984,9984,10000,87,0.478737
mkl time,0,9984,9984,10000,87,0.686196
rosko bw,1,9984,9984,10000,87,1.043056
mkl bw,1,9984,9984,10000,87,0.835433
rosko time,1,9984,9984,10000,87,0.460086
mkl time,1,9984,9984,10000,87,0.601370
rosko bw,0,256,256,10000,95,0.041112
mkl bw,0,256,256,10000,95,0.054693
rosko time,0,256,256,10000,95,0.006990
mkl time,0,256,256,10000,95,0.005290
rosko bw,1,256,256,10000,95,0.009982
mkl bw,1,256,256,10000,95,1.567109
rosko time,1,256,256,10000,95,0.028790
mkl time,1,256,256,10000,95,0.000185
rosko bw,0,768,768,10000,95,0.040911
mkl bw,0,768,768,10000,95,1.697234
rosko time,0,768,768,10000,95,0.063176
mkl time,0,768,768,10000,95,0.001531
rosko bw,1,768,768,10000,95,0.061294
mkl bw,1,768,768,10000,95,1.782076
rosko time,1,768,768,10000,95,0.042167
mkl time,1,768,768,10000,95,0.001458
rosko bw,0,1280,1280,10000,95,0.633761
mkl bw,0,1280,1280,10000,95,1.689503
rosko time,0,1280,1280,10000,95,0.011327
mkl time,0,1280,1280,10000,95,0.004269
rosko bw,1,1280,1280,10000,95,0.529777
mkl bw,1,1280,1280,10000,95,1.729756
rosko time,1,1280,1280,10000,95,0.013550
mkl time,1,1280,1280,10000,95,0.004170
rosko bw,0,1792,1792,10000,95,0.722623
mkl bw,0,1792,1792,10000,95,1.511962
rosko time,0,1792,1792,10000,95,0.019467
mkl time,0,1792,1792,10000,95,0.009347
rosko bw,1,1792,1792,10000,95,0.926752
mkl bw,1,1792,1792,10000,95,1.296488
rosko time,1,1792,1792,10000,95,0.015179
mkl time,1,1792,1792,10000,95,0.010901
rosko bw,0,2304,2304,10000,95,0.754873
mkl bw,0,2304,2304,10000,95,1.137708
rosko time,0,2304,2304,10000,95,0.030808
mkl time,0,2304,2304,10000,95,0.020535
rosko bw,1,2304,2304,10000,95,1.001899
mkl bw,1,2304,2304,10000,95,0.996886
rosko time,1,2304,2304,10000,95,0.023218
mkl time,1,2304,2304,10000,95,0.023447
rosko bw,0,2816,2816,10000,95,0.999013
mkl bw,0,2816,2816,10000,95,0.893469
rosko time,0,2816,2816,10000,95,0.034780
mkl time,0,2816,2816,10000,95,0.039071
rosko bw,1,2816,2816,10000,95,1.019483
mkl bw,1,2816,2816,10000,95,0.847574
rosko time,1,2816,2816,10000,95,0.034082
mkl time,1,2816,2816,10000,95,0.041186
rosko bw,0,3328,3328,10000,95,1.048042
mkl bw,0,3328,3328,10000,95,0.888976
rosko time,0,3328,3328,10000,95,0.046306
mkl time,0,3328,3328,10000,95,0.054844
rosko bw,1,3328,3328,10000,95,0.988178
mkl bw,1,3328,3328,10000,95,0.840054
rosko time,1,3328,3328,10000,95,0.049111
mkl time,1,3328,3328,10000,95,0.058038
rosko bw,0,3840,3840,10000,95,0.812905
mkl bw,0,3840,3840,10000,95,0.773705
rosko time,0,3840,3840,10000,95,0.079466
mkl time,0,3840,3840,10000,95,0.083866
rosko bw,1,3840,3840,10000,95,0.793222
mkl bw,1,3840,3840,10000,95,0.678352
rosko time,1,3840,3840,10000,95,0.081438
mkl time,1,3840,3840,10000,95,0.095655
rosko bw,0,4352,4352,10000,95,0.830849
mkl bw,0,4352,4352,10000,95,0.668316
rosko time,0,4352,4352,10000,95,0.099864
mkl time,0,4352,4352,10000,95,0.124712
rosko bw,1,4352,4352,10000,95,0.960926
mkl bw,1,4352,4352,10000,95,0.710992
rosko time,1,4352,4352,10000,95,0.086345
mkl time,1,4352,4352,10000,95,0.117226
rosko bw,0,4864,4864,10000,95,0.729735
mkl bw,0,4864,4864,10000,95,0.685841
rosko time,0,4864,4864,10000,95,0.142042
mkl time,0,4864,4864,10000,95,0.151808
rosko bw,1,4864,4864,10000,95,0.900610
mkl bw,1,4864,4864,10000,95,0.732163
rosko time,1,4864,4864,10000,95,0.115092
mkl time,1,4864,4864,10000,95,0.142203
rosko bw,0,5376,5376,10000,95,0.823498
mkl bw,0,5376,5376,10000,95,0.784221
rosko time,0,5376,5376,10000,95,0.153767
mkl time,0,5376,5376,10000,95,0.162187
rosko bw,1,5376,5376,10000,95,0.868225
mkl bw,1,5376,5376,10000,95,0.925555
rosko time,1,5376,5376,10000,95,0.145861
mkl time,1,5376,5376,10000,95,0.137439
rosko bw,0,5888,5888,10000,95,0.946653
mkl bw,0,5888,5888,10000,95,0.758249
rosko time,0,5888,5888,10000,95,0.160451
mkl time,0,5888,5888,10000,95,0.201206
rosko bw,1,5888,5888,10000,95,1.005664
mkl bw,1,5888,5888,10000,95,0.710550
rosko time,1,5888,5888,10000,95,0.151035
mkl time,1,5888,5888,10000,95,0.214714
rosko bw,0,6400,6400,10000,95,0.916238
mkl bw,0,6400,6400,10000,95,0.723514
rosko time,0,6400,6400,10000,95,0.195870
mkl time,0,6400,6400,10000,95,0.249148
rosko bw,1,6400,6400,10000,95,1.132583
mkl bw,1,6400,6400,10000,95,0.743956
rosko time,1,6400,6400,10000,95,0.158430
mkl time,1,6400,6400,10000,95,0.242253
rosko bw,0,6912,6912,10000,95,1.130453
mkl bw,0,6912,6912,10000,95,0.735216
rosko time,0,6912,6912,10000,95,0.185166
mkl time,0,6912,6912,10000,95,0.285968
rosko bw,1,6912,6912,10000,95,0.970784
mkl bw,1,6912,6912,10000,95,0.725922
rosko time,1,6912,6912,10000,95,0.215627
mkl time,1,6912,6912,10000,95,0.289635
rosko bw,0,7424,7424,10000,95,1.058812
mkl bw,0,7424,7424,10000,95,0.774323
rosko time,0,7424,7424,10000,95,0.228055
mkl time,0,7424,7424,10000,95,0.313215
rosko bw,1,7424,7424,10000,95,1.268405
mkl bw,1,7424,7424,10000,95,0.760661
rosko time,1,7424,7424,10000,95,0.190383
mkl time,1,7424,7424,10000,95,0.318868
rosko bw,0,7936,7936,10000,95,1.010346
mkl bw,0,7936,7936,10000,95,0.800494
rosko time,0,7936,7936,10000,95,0.273133
mkl time,0,7936,7936,10000,95,0.346257
rosko bw,1,7936,7936,10000,95,1.032254
mkl bw,1,7936,7936,10000,95,0.802108
rosko time,1,7936,7936,10000,95,0.267294
mkl time,1,7936,7936,10000,95,0.345499
rosko bw,0,8448,8448,10000,95,1.068276
mkl bw,0,8448,8448,10000,95,0.891121
rosko time,0,8448,8448,10000,95,0.292704
mkl time,0,8448,8448,10000,95,0.352438
rosko bw,1,8448,8448,10000,95,0.957209
mkl bw,1,8448,8448,10000,95,0.886139
rosko time,1,8448,8448,10000,95,0.326629
mkl time,1,8448,8448,10000,95,0.354373
rosko bw,0,8960,8960,10000,95,0.962998
mkl bw,0,8960,8960,10000,95,0.782493
rosko time,0,8960,8960,10000,95,0.365249
mkl time,0,8960,8960,10000,95,0.451482
rosko bw,1,8960,8960,10000,95,1.097986
mkl bw,1,8960,8960,10000,95,0.770610
rosko time,1,8960,8960,10000,95,0.320337
mkl time,1,8960,8960,10000,95,0.458427
rosko bw,0,9472,9472,10000,95,0.935874
mkl bw,0,9472,9472,10000,95,0.761654
rosko time,0,9472,9472,10000,95,0.420011
mkl time,0,9472,9472,10000,95,0.518352
rosko bw,1,9472,9472,10000,95,1.031649
mkl bw,1,9472,9472,10000,95,0.638297
rosko time,1,9472,9472,10000,95,0.381012
mkl time,1,9472,9472,10000,95,0.618511
rosko bw,0,9984,9984,10000,95,1.006850
mkl bw,0,9984,9984,10000,95,0.765570
rosko time,0,9984,9984,10000,95,0.433743
mkl time,0,9984,9984,10000,95,0.572954
rosko bw,1,9984,9984,10000,95,1.001386
mkl bw,1,9984,9984,10000,95,0.773368
rosko time,1,9984,9984,10000,95,0.436082
mkl time,1,9984,9984,10000,95,0.567128
